164
158
163
158
165
157
164
158
165
159
164
158
164
157
164
158
164
158
165
158
164
159
164
158
163
158
164
158
163
158
165
158
164
158
164
159
164
158
163
158
164
159
163
158
163
158
164
158
165
158
163
159
165
158
163
158
164
159
164
158
164
159
164
158
160
156
161
156
161
156
161
155
161
156
161
156
161
156
161
156
161
156
162
155
161
156
161
156
161
155
162
156
161
156
160
156
161
156
160
156
161
156
160
156
161
156
161
156
161
156
161
156
161
156
162
156
161
156
161
156
160
156
161
156
160
156
161
157
165
158
164
158
164
158
163
158
164
158
164
158
164
158
164
158
164
159
163
158
164
158
164
158
164
158
164
158
164
158
164
158
164
159
164
158
164
158
163
158
164
158
164
158
164
159
163
158
163
158
164
159
163
158
164
158
163
158
165
158
163
158
164
159
161
156
160
156
161
155
161
156
161
157
161
156
161
156
160
155
161
156
161
156
162
155
161
155
161
155
162
157
161
156
160
157
161
156
162
155
161
156
162
157
160
156
161
156
161
155
161
155
161
155
162
155
161
155
161
156
161
156
160
155
161
157
160
